epoch: 0 0.0034  0.0089  0.0019  0.0003  0.0018  0.0049  0.0054  0.0133  0.0144  0.0002  0.0048  0.0202  2.6444  0.01
epoch: 1 0.0374  0.0715  0.0356  0.0012  0.0171  0.05  0.0629  0.0866  0.0882  0.0083  0.0462  0.1125  2.3886  0.01
epoch: 2 0.0777  0.1478  0.0747  0.0032  0.0338  0.1004  0.1241  0.1694  0.1724  0.013  0.0864  0.2109  2.2745  0.009965
epoch: 3 0.1046  0.1967  0.0964  0.0048  0.0552  0.1307  0.1581  0.2155  0.2189  0.0198  0.1308  0.2567  2.0904  0.00992
epoch: 4 0.1344  0.2491  0.1239  0.0071  0.0612  0.1692  0.1807  0.2471  0.2537  0.023  0.1486  0.2938  2.07  0.009859
epoch: 5 0.1583  0.2908  0.1552  0.0095  0.0777  0.2003  0.2078  0.2882  0.293  0.0352  0.177  0.3437  2.0515  0.00978
epoch: 6 0.1843  0.3259  0.1901  0.0316  0.0979  0.2353  0.2224  0.3127  0.3177  0.0475  0.1953  0.3801  2.0027  0.009684
epoch: 7 0.2012  0.356  0.2022  0.0207  0.1041  0.2591  0.2389  0.3352  0.3421  0.0522  0.2212  0.4094  1.955  0.009572
epoch: 8 0.2052  0.3645  0.2099  0.0192  0.1081  0.2631  0.2508  0.3521  0.361  0.0545  0.2361  0.4294  1.9391  0.009443
epoch: 9 0.2158  0.3932  0.2149  0.0562  0.1123  0.271  0.2551  0.3646  0.3744  0.1098  0.2616  0.432  1.956  0.009299
epoch: 10 0.2159  0.3894  0.2149  0.0239  0.1131  0.2726  0.2573  0.3763  0.3861  0.0732  0.2564  0.4526  1.9788  0.009141
epoch: 11 0.2289  0.4027  0.2321  0.0271  0.1149  0.2926  0.264  0.3775  0.3879  0.0741  0.2479  0.4611  1.908  0.008967
epoch: 12 0.2514  0.4229  0.2669  0.0264  0.1302  0.3181  0.282  0.396  0.4064  0.081  0.2807  0.4699  1.9124  0.00878
epoch: 13 0.2357  0.4114  0.2362  0.027  0.1266  0.2988  0.27  0.3897  0.3992  0.0701  0.2565  0.4736  1.9569  0.00858
epoch: 14 0.2579  0.4294  0.2694  0.0497  0.1299  0.3276  0.2874  0.4081  0.4213  0.1086  0.2883  0.4939  1.8865  0.008368
epoch: 15 0.2556  0.4251  0.2728  0.0587  0.1394  0.3218  0.2829  0.4018  0.4133  0.1028  0.2875  0.4768  1.909  0.008145
epoch: 16 0.2617  0.4391  0.2742  0.0249  0.1402  0.3368  0.2924  0.415  0.4265  0.081  0.2819  0.5049  1.8412  0.007911
epoch: 17 0.2748  0.4544  0.2945  0.0293  0.1587  0.3459  0.2953  0.4247  0.4374  0.0934  0.323  0.5039  1.8935  0.007668
epoch: 18 0.2552  0.4397  0.2688  0.0285  0.1341  0.3273  0.2861  0.4142  0.429  0.0947  0.2982  0.5022  1.8518  0.007416
epoch: 19 0.2607  0.4401  0.2708  0.0376  0.1366  0.3394  0.2927  0.4181  0.4332  0.1349  0.2824  0.4977  1.8724  0.007157
epoch: 20 0.292  0.4822  0.3109  0.0309  0.1548  0.3701  0.3091  0.4397  0.4533  0.102  0.3176  0.5281  1.8223  0.006891
epoch: 21 0.297  0.4833  0.3167  0.049  0.1693  0.3721  0.3183  0.4526  0.4639  0.1153  0.3389  0.5315  1.8569  0.006619
epoch: 22 0.2961  0.484  0.3157  0.0516  0.1523  0.3746  0.3148  0.4468  0.4604  0.1429  0.3119  0.5343  1.7575  0.006343
epoch: 23 0.2852  0.4775  0.3039  0.0541  0.1494  0.3635  0.3029  0.4296  0.4428  0.1154  0.2952  0.5187  1.8306  0.006064
epoch: 24 0.2918  0.4876  0.3093  0.0451  0.1594  0.3712  0.3104  0.4427  0.4565  0.1441  0.3223  0.5329  1.7932  0.005783
epoch: 25 0.3026  0.5056  0.3153  0.0406  0.1567  0.3834  0.3154  0.4492  0.4622  0.1184  0.3195  0.5369  1.7937  0.0055
epoch: 26 0.3099  0.5062  0.3309  0.0374  0.1725  0.3948  0.3194  0.457  0.4723  0.1159  0.3394  0.548  1.7764  0.005217
epoch: 27 0.312  0.499  0.3332  0.0419  0.1721  0.3914  0.3252  0.4594  0.474  0.1144  0.3435  0.5421  1.7704  0.004936
epoch: 28 0.3344  0.5307  0.3649  0.0391  0.1727  0.4182  0.3345  0.4744  0.4852  0.1035  0.3298  0.5664  1.7523  0.004657
epoch: 29 0.321  0.5167  0.3496  0.0435  0.1763  0.4017  0.3325  0.4732  0.4899  0.1423  0.3607  0.5589  1.7516  0.004381
epoch: 30 0.3458  0.5433  0.377  0.0377  0.1974  0.4345  0.3514  0.4957  0.5099  0.118  0.3717  0.5883  1.7022  0.004109
epoch: 31 0.3484  0.5381  0.3827  0.0428  0.205  0.4341  0.3509  0.496  0.5101  0.1367  0.3662  0.5875  1.6998  0.003843
epoch: 32 0.3444  0.5432  0.3703  0.0413  0.2083  0.4314  0.3482  0.4892  0.5019  0.1217  0.3608  0.5817  1.6566  0.003584
epoch: 33 0.354  0.5515  0.3928  0.041  0.2045  0.4415  0.3506  0.4947  0.5082  0.2016  0.3701  0.5821  1.6394  0.003332
epoch: 34 0.3615  0.5635  0.3984  0.0564  0.2135  0.4539  0.3537  0.5037  0.5202  0.151  0.3739  0.5971  1.6244  0.003089
epoch: 35 0.3653  0.5599  0.4023  0.0692  0.2186  0.4609  0.362  0.5137  0.5287  0.1608  0.4003  0.61  1.6141  0.002855
epoch: 36 0.369  0.571  0.4067  0.0542  0.1978  0.465  0.3602  0.5118  0.5253  0.1618  0.3705  0.6101  1.6456  0.002632
epoch: 37 0.3716  0.5716  0.4052  0.0554  0.2059  0.4641  0.3622  0.5134  0.529  0.1615  0.385  0.605  1.587  0.00242
epoch: 38 0.3813  0.5755  0.4215  0.0478  0.2088  0.478  0.3661  0.5198  0.5344  0.1581  0.3934  0.6158  1.587  0.00222
epoch: 39 0.394  0.5907  0.44  0.0701  0.2303  0.4865  0.3756  0.5349  0.5503  0.179  0.4172  0.6271  1.6066  0.002033
epoch: 40 0.3814  0.5779  0.4194  0.0543  0.2257  0.4745  0.3675  0.521  0.5344  0.1706  0.3951  0.6133  1.5968  0.001859
epoch: 41 0.3911  0.5906  0.4388  0.0549  0.2316  0.4848  0.3733  0.5296  0.544  0.1643  0.4099  0.6188  1.5495  0.001701
epoch: 42 0.3815  0.5773  0.4234  0.0532  0.2343  0.4711  0.371  0.5266  0.5407  0.1657  0.4167  0.6156  1.5793  0.001557
epoch: 43 0.4063  0.5975  0.453  0.0584  0.2375  0.5011  0.3839  0.5442  0.557  0.1688  0.4122  0.638  1.5385  0.001428
epoch: 44 0.3903  0.5877  0.4345  0.0577  0.226  0.4818  0.3749  0.526  0.5395  0.139  0.3903  0.6186  1.5662  0.001316
epoch: 45 0.4039  0.5962  0.4476  0.0547  0.2358  0.5026  0.3821  0.5406  0.5535  0.171  0.4084  0.6376  1.5911  0.00122
epoch: 46 0.3975  0.5943  0.4378  0.051  0.2286  0.4937  0.3778  0.536  0.5494  0.1863  0.3956  0.6307  1.5261  0.001141
epoch: 47 0.4066  0.5968  0.4492  0.0549  0.2493  0.5024  0.3882  0.5419  0.5556  0.1836  0.4159  0.6359  1.5455  0.00108
epoch: 48 0.4027  0.596  0.448  0.056  0.2355  0.4974  0.3833  0.543  0.5564  0.1623  0.4162  0.637  1.5511  0.001035
epoch: 49 0.4078  0.6042  0.4504  0.0487  0.2326  0.5078  0.3842  0.5464  0.5602  0.1372  0.4209  0.6388  1.4961  0.001009
epoch: 50 0.3744  0.5727  0.4163  0.0495  0.2075  0.4683  0.3605  0.5091  0.5226  0.1549  0.3778  0.6019  1.6003  0.002694
epoch: 51 0.3791  0.5722  0.4223  0.0505  0.2225  0.4731  0.3701  0.5185  0.5324  0.1469  0.3932  0.6157  1.5848  0.002539
epoch: 52 0.378  0.5849  0.418  0.0442  0.23  0.4698  0.3627  0.5153  0.5321  0.159  0.3992  0.6065  1.5772  0.00239
epoch: 53 0.3928  0.5888  0.4407  0.05  0.235  0.4874  0.3723  0.5295  0.5445  0.1355  0.4069  0.6228  1.6234  0.002247
epoch: 54 0.389  0.5911  0.434  0.0561  0.2336  0.4818  0.3682  0.5247  0.538  0.1862  0.3938  0.6127  1.5399  0.002111
epoch: 55 0.3975  0.5965  0.4391  0.0549  0.218  0.4907  0.3764  0.5315  0.5441  0.1605  0.3769  0.6282  1.5761  0.001982
epoch: 56 0.3981  0.5989  0.4408  0.0625  0.2352  0.4886  0.377  0.5357  0.5482  0.1806  0.4034  0.6243  1.5615  0.001859
epoch: 57 0.3935  0.5943  0.4305  0.0584  0.2344  0.4884  0.3784  0.5326  0.5488  0.1793  0.4048  0.6297  1.5325  0.001744
epoch: 58 0.4024  0.5985  0.4456  0.0499  0.2256  0.4996  0.3811  0.5366  0.5519  0.1773  0.394  0.6355  1.5082  0.001637
epoch: 59 0.4011  0.5932  0.4442  0.0577  0.2266  0.498  0.3805  0.5387  0.5536  0.1872  0.4012  0.6344  1.5432  0.001537
epoch: 60 0.4012  0.5942  0.4474  0.0532  0.234  0.499  0.3809  0.5344  0.5481  0.1632  0.4094  0.6283  1.5705  0.001446
epoch: 61 0.3957  0.5935  0.4395  0.057  0.2291  0.4922  0.3783  0.535  0.5508  0.1882  0.4073  0.6296  1.5109  0.001362
epoch: 62 0.3967  0.6005  0.4457  0.0607  0.2435  0.4898  0.3776  0.5359  0.5501  0.1836  0.4188  0.626  1.5017  0.001287
epoch: 63 0.4101  0.6036  0.4549  0.0577  0.2416  0.5089  0.3901  0.5452  0.5594  0.18  0.4118  0.6397  1.4904  0.00122
epoch: 64 0.4124  0.6078  0.4536  0.062  0.2382  0.5078  0.3859  0.5442  0.5584  0.177  0.415  0.6389  1.5509  0.001162
epoch: 65 0.3977  0.5997  0.442  0.0561  0.2308  0.4955  0.3763  0.5307  0.5462  0.1765  0.4012  0.6217  1.512  0.001113
epoch: 66 0.401  0.5967  0.4473  0.0543  0.2465  0.4945  0.3803  0.5322  0.5463  0.1712  0.4097  0.6261  1.4832  0.001072
epoch: 67 0.4052  0.5983  0.4483  0.0563  0.2445  0.5015  0.3822  0.5391  0.5541  0.1731  0.4196  0.633  1.4988  0.001041
epoch: 68 0.4072  0.6054  0.4531  0.0539  0.25  0.5013  0.3874  0.5455  0.5618  0.1844  0.4249  0.6388  1.4862  0.001018
epoch: 69 0.4071  0.6007  0.4516  0.0556  0.2439  0.5053  0.3851  0.5443  0.5576  0.1926  0.4146  0.6401  1.4453  0.001005
