epoch: 0 0.0045  0.0131  0.0017  0.0001  0.0019  0.0062  0.006  0.0146  0.0172  0.0002  0.0114  0.022  2.6787  0.01
epoch: 1 0.0148  0.0278  0.0143  0.0015  0.0092  0.0197  0.0167  0.0299  0.0315  0.0098  0.0273  0.0372  2.4728  0.009975
epoch: 2 0.0236  0.0419  0.0226  0.0034  0.0136  0.0313  0.0352  0.052  0.0533  0.0115  0.0399  0.065  2.2423  0.009902
epoch: 3 0.0327  0.0544  0.0345  0.0046  0.022  0.0416  0.0539  0.0754  0.0769  0.0183  0.057  0.0904  2.1232  0.00978
epoch: 4 0.0505  0.0818  0.0532  0.004  0.0377  0.0626  0.0773  0.1082  0.1101  0.0163  0.0789  0.1295  2.0093  0.009611
epoch: 5 0.0703  0.1207  0.0745  0.0067  0.0477  0.0837  0.1159  0.1534  0.1552  0.0221  0.098  0.1766  1.976  0.009397
epoch: 6 0.0941  0.1511  0.1004  0.0096  0.0528  0.1153  0.1585  0.2067  0.2108  0.0357  0.1163  0.2367  1.915  0.009141
epoch: 7 0.1048  0.1669  0.1172  0.0121  0.0607  0.1267  0.1687  0.2199  0.2233  0.0333  0.1277  0.2562  1.8463  0.008844
epoch: 8 0.1428  0.2313  0.1579  0.0154  0.0867  0.1725  0.2142  0.2851  0.2892  0.0552  0.1895  0.3261  1.8231  0.008511
epoch: 9 0.165  0.2601  0.1808  0.0184  0.1055  0.2018  0.2173  0.2989  0.3037  0.0486  0.2176  0.3459  1.8088  0.008145
epoch: 10 0.2014  0.3123  0.2216  0.029  0.1171  0.2492  0.2527  0.3502  0.3565  0.0839  0.2292  0.4037  1.7787  0.00775
epoch: 11 0.2117  0.3447  0.2283  0.0345  0.1355  0.2674  0.2611  0.365  0.3716  0.0956  0.2611  0.4226  1.7618  0.00733
epoch: 12 0.2509  0.3893  0.2696  0.0698  0.1584  0.3106  0.2866  0.404  0.4144  0.1515  0.2886  0.47  1.7034  0.006891
epoch: 13 0.2825  0.4294  0.3139  0.0588  0.1687  0.3549  0.3137  0.4445  0.4536  0.1197  0.314  0.5252  1.6738  0.006436
epoch: 14 0.238  0.4016  0.2554  0.0252  0.1372  0.3016  0.286  0.4044  0.4128  0.0761  0.2666  0.4872  1.781  0.01
epoch: 15 0.2683  0.4192  0.2948  0.058  0.155  0.3383  0.3001  0.4214  0.4314  0.1157  0.2984  0.5027  1.7064  0.008145
epoch: 16 0.2868  0.4469  0.3113  0.0429  0.1673  0.3631  0.3142  0.4413  0.4523  0.107  0.2991  0.5259  1.6747  0.007911
epoch: 17 0.2991  0.4609  0.3274  0.0376  0.1798  0.3785  0.33  0.4663  0.4778  0.1185  0.3413  0.5509  1.7324  0.007668
epoch: 18 0.308  0.4825  0.3329  0.0562  0.1743  0.3859  0.33  0.4669  0.4774  0.1243  0.3434  0.5523  1.6897  0.007416
epoch: 19 0.31  0.4798  0.3491  0.0587  0.1706  0.3851  0.3245  0.4625  0.4747  0.1743  0.3373  0.5411  1.664  0.007157
epoch: 20 0.3337  0.502  0.3703  0.048  0.1947  0.4205  0.3491  0.4934  0.5051  0.1169  0.369  0.585  1.5794  0.006891
epoch: 21 0.3281  0.5117  0.3602  0.0584  0.1889  0.4099  0.3366  0.4767  0.4899  0.1407  0.344  0.5651  1.6363  0.006619
epoch: 22 0.3428  0.523  0.3811  0.0551  0.1981  0.4322  0.3525  0.4955  0.5084  0.1445  0.3777  0.588  1.6013  0.006343
epoch: 23 0.3551  0.5424  0.3931  0.059  0.2115  0.4428  0.3673  0.5207  0.5321  0.143  0.3983  0.6038  1.5922  0.006064
epoch: 24 0.3579  0.5291  0.3988  0.0791  0.2151  0.4429  0.3667  0.5087  0.5181  0.1878  0.3817  0.5947  1.534  0.005783
epoch: 25 0.3725  0.5461  0.4194  0.0979  0.2248  0.4568  0.3673  0.5167  0.5283  0.1756  0.3885  0.603  1.5456  0.0055
epoch: 26 0.3739  0.5604  0.4112  0.08  0.2371  0.4543  0.3682  0.525  0.5387  0.205  0.4152  0.6033  1.5333  0.005217
epoch: 27 0.3848  0.5653  0.428  0.0703  0.2185  0.4787  0.3808  0.5378  0.5494  0.1902  0.3903  0.6331  1.5031  0.004936
epoch: 28 0.3789  0.5724  0.4258  0.1137  0.229  0.4592  0.3726  0.5331  0.5469  0.2107  0.4156  0.6138  1.517  0.004657
epoch: 29 0.3995  0.5763  0.446  0.0806  0.2294  0.4924  0.3827  0.5354  0.5479  0.2008  0.4068  0.6249  1.4777  0.004381
epoch: 30 0.4063  0.5894  0.4537  0.1187  0.2406  0.493  0.3898  0.5507  0.5635  0.2206  0.4198  0.6359  1.4585  0.004109
epoch: 31 0.4089  0.5947  0.4545  0.0839  0.2366  0.5054  0.3864  0.5423  0.5557  0.2091  0.3902  0.6405  1.4586  0.003843
epoch: 32 0.4168  0.6062  0.4577  0.0773  0.2713  0.5068  0.3917  0.5623  0.5746  0.2138  0.447  0.6502  1.4355  0.003584
epoch: 33 0.4201  0.6023  0.4652  0.1109  0.2625  0.5096  0.3988  0.5662  0.5813  0.2232  0.4346  0.651  1.4224  0.003332
epoch: 34 0.4148  0.5896  0.464  0.0785  0.2524  0.5084  0.393  0.5532  0.5642  0.2017  0.4175  0.6379  1.4157  0.003089
epoch: 35 0.4337  0.6115  0.4834  0.0783  0.2669  0.5311  0.4027  0.5678  0.5826  0.2067  0.4303  0.6637  1.4253  0.002855
epoch: 36 0.443  0.6266  0.4937  0.0864  0.2891  0.5394  0.4131  0.5883  0.6016  0.2026  0.469  0.6764  1.3419  0.002632
epoch: 37 0.4413  0.6188  0.4858  0.1029  0.2869  0.5379  0.4073  0.5765  0.5919  0.2526  0.4589  0.6683  1.3584  0.00242
epoch: 38 0.4623  0.6426  0.511  0.1123  0.2997  0.5578  0.4213  0.5887  0.6017  0.2295  0.4612  0.6791  1.3027  0.00222
epoch: 39 0.465  0.6493  0.5128  0.0992  0.2968  0.5637  0.42  0.5903  0.6026  0.2326  0.4404  0.6836  1.2929  0.002033
epoch: 40 0.4605  0.6404  0.5071  0.1225  0.2938  0.5568  0.417  0.5912  0.6048  0.2683  0.4408  0.6866  1.3159  0.001859
epoch: 41 0.4524  0.6291  0.502  0.0989  0.2814  0.5481  0.4188  0.5844  0.5959  0.2375  0.4359  0.6771  1.294  0.001701
epoch: 42 0.4575  0.6428  0.506  0.1168  0.3004  0.5511  0.4124  0.5851  0.5976  0.2369  0.4519  0.6749  1.2535  0.001557
epoch: 43 0.4636  0.6443  0.5113  0.1485  0.3111  0.5535  0.4201  0.5912  0.6038  0.2557  0.4535  0.6809  1.2338  0.001428
epoch: 44 0.4725  0.6474  0.5217  0.1133  0.3063  0.5676  0.427  0.5989  0.6122  0.2502  0.4617  0.6878  1.2306  0.001316
epoch: 45 0.4699  0.6531  0.522  0.1344  0.3104  0.5656  0.4268  0.5987  0.6113  0.2328  0.4727  0.6902  1.2194  0.00122
epoch: 46 0.474  0.6521  0.5282  0.1347  0.3102  0.5678  0.43  0.6038  0.6158  0.2301  0.4692  0.6927  1.2118  0.001141
epoch: 47 0.4784  0.6537  0.529  0.1168  0.3115  0.576  0.4313  0.6074  0.6207  0.2491  0.4739  0.6985  1.2207  0.00108
epoch: 48 0.4855  0.6609  0.5345  0.1097  0.3172  0.5866  0.4363  0.6091  0.6218  0.2345  0.4651  0.7054  1.193  0.001035
epoch: 49 0.4917  0.6675  0.5448  0.1378  0.3364  0.5852  0.4385  0.6187  0.6303  0.2333  0.4881  0.7093  1.163  0.001009
