epoch: 0 0.3678  0.6237  0.3944  0.0385  0.2302  0.4627  0.3505  0.5  0.5081  0.0919  0.3885  0.5909  5.4807  0.001
epoch: 1 0.4693  0.7035  0.5354  0.0871  0.3517  0.564  0.4176  0.6003  0.61  0.1661  0.5124  0.6889  4.5362  0.000997
epoch: 2 0.4767  0.7094  0.5345  0.0958  0.3552  0.572  0.4217  0.6086  0.6196  0.2151  0.5163  0.695  4.2219  0.000989
epoch: 3 0.4842  0.7147  0.5436  0.1367  0.3596  0.5791  0.4269  0.6097  0.6198  0.2287  0.5093  0.6984  3.9774  0.000976
epoch: 4 0.489  0.7179  0.5573  0.1363  0.3693  0.5844  0.4283  0.6151  0.6253  0.2614  0.5206  0.7014  3.8449  0.000957
epoch: 5 0.494  0.7178  0.5589  0.1308  0.3745  0.5865  0.4278  0.617  0.6294  0.2648  0.531  0.7007  3.8902  0.000934
epoch: 6 0.4964  0.7247  0.5645  0.1403  0.3822  0.589  0.4302  0.6177  0.6297  0.2745  0.5327  0.7022  3.8263  0.000905
epoch: 7 0.4943  0.7206  0.5553  0.1481  0.3823  0.5887  0.425  0.6135  0.6277  0.2975  0.5355  0.6959  3.6477  0.000873
epoch: 8 0.5047  0.7217  0.5714  0.1326  0.3783  0.6011  0.4379  0.6284  0.6411  0.2918  0.5265  0.7134  3.5997  0.000836
epoch: 9 0.4923  0.7206  0.5554  0.1458  0.3762  0.5893  0.4279  0.6179  0.6322  0.3094  0.5377  0.7  3.5552  0.000796
epoch: 10 0.4949  0.7216  0.5627  0.1217  0.3735  0.5924  0.4335  0.621  0.6344  0.2521  0.5292  0.7072  3.4676  0.000752
epoch: 11 0.4947  0.7188  0.5593  0.1354  0.3616  0.5974  0.4333  0.6204  0.6324  0.2792  0.5229  0.7098  3.4281  0.000706
epoch: 12 0.5085  0.7272  0.5739  0.1542  0.3852  0.6076  0.439  0.632  0.6453  0.3031  0.5426  0.721  3.3306  0.000658
epoch: 13 0.5073  0.7282  0.576  0.1537  0.3836  0.6026  0.434  0.6263  0.6391  0.3076  0.5317  0.7104  3.2891  0.000608
epoch: 14 0.5046  0.7194  0.5654  0.1574  0.376  0.6034  0.4355  0.6222  0.6347  0.2888  0.5195  0.7094  3.3274  0.000557
epoch: 15 0.4986  0.7118  0.5564  0.1424  0.3823  0.5969  0.4356  0.6267  0.6415  0.32  0.5419  0.7112  3.1679  0.000505
epoch: 16 0.505  0.7191  0.5639  0.1485  0.3757  0.6026  0.4385  0.6277  0.64  0.3189  0.5226  0.7102  3.1366  0.000453
epoch: 17 0.5022  0.7153  0.5584  0.1501  0.3775  0.6013  0.4383  0.6256  0.6387  0.3251  0.5219  0.712  3.1631  0.000402
epoch: 18 0.5058  0.7157  0.5676  0.1611  0.3838  0.6022  0.4418  0.6279  0.6408  0.3227  0.5267  0.7131  3.0728  0.000352
epoch: 19 0.5138  0.7229  0.5754  0.1622  0.3841  0.6104  0.4417  0.6324  0.6463  0.3328  0.5347  0.7181  3.024  0.000304
epoch: 20 0.5116  0.717  0.5724  0.1624  0.3837  0.6091  0.4441  0.6383  0.6522  0.331  0.5325  0.7265  2.9628  0.000258
epoch: 21 0.5145  0.7204  0.5795  0.1705  0.3962  0.6094  0.4423  0.6337  0.6458  0.3432  0.5421  0.7165  2.8978  0.000214
epoch: 22 0.5114  0.715  0.5701  0.1657  0.3868  0.6091  0.4416  0.6322  0.646  0.3396  0.5398  0.715  2.8577  0.000174
epoch: 23 0.5158  0.7157  0.574  0.1674  0.3887  0.6126  0.4453  0.6331  0.6457  0.3399  0.5376  0.716  2.8196  0.000137
epoch: 24 0.5194  0.7179  0.5827  0.1511  0.3863  0.6193  0.4477  0.6348  0.647  0.2838  0.5291  0.7231  2.8778  0.000105
epoch: 25 0.5106  0.7122  0.569  0.1641  0.3899  0.608  0.4434  0.6343  0.6481  0.3493  0.5479  0.7153  2.8029  7.6e-05
epoch: 26 0.5102  0.7098  0.5687  0.1656  0.3895  0.6087  0.443  0.636  0.6496  0.3522  0.5443  0.7175  2.7881  5.3e-05
epoch: 27 0.5089  0.7038  0.5674  0.1664  0.3909  0.6075  0.4386  0.6286  0.641  0.3439  0.5399  0.71  2.7924  3.4e-05
epoch: 28 0.5203  0.7179  0.5802  0.1667  0.3963  0.6201  0.4495  0.6434  0.6557  0.3426  0.55  0.7262  2.7496  2.1e-05
epoch: 29 0.5188  0.7164  0.5771  0.1629  0.3927  0.619  0.4486  0.6394  0.6524  0.3391  0.5439  0.7245  2.7707  1.3e-05
epoch: 30 0.5126  0.7141  0.5731  0.1571  0.3801  0.6128  0.4452  0.6283  0.6399  0.3268  0.5212  0.7175  2.7999  0.00025
