epoch:50 0.4139  0.6641  0.4405  0.0708  0.2222  0.502  0.4071  0.5403  0.5461  0.1273  0.3895  0.6306  2.2596  0.0005
epoch:51 0.4099  0.6582  0.4416  0.0616  0.2101  0.499  0.4036  0.5356  0.5413  0.121  0.3785  0.6253  2.2636  0.00045
epoch:52 0.4122  0.664  0.4412  0.05  0.2182  0.5014  0.4047  0.538  0.5431  0.1238  0.3919  0.6235  2.2462  0.000405
epoch:53 0.4156  0.6606  0.4485  0.0605  0.222  0.5041  0.4074  0.5421  0.5471  0.1252  0.3901  0.6308  2.2166  0.000365
epoch:54 0.4192  0.6644  0.4502  0.0598  0.2209  0.5093  0.4089  0.5432  0.5486  0.112  0.3911  0.634  2.1943  0.000328
epoch:55 0.4209  0.669  0.4574  0.0493  0.2251  0.5098  0.4114  0.5477  0.5532  0.1078  0.3999  0.6356  2.1501  0.000295
epoch:56 0.4178  0.6674  0.4486  0.0648  0.2284  0.5074  0.4097  0.5401  0.5458  0.1113  0.3971  0.6288  2.1242  0.000266
epoch:57 0.4271  0.6699  0.4633  0.0614  0.2301  0.5179  0.4143  0.5503  0.5543  0.1118  0.41  0.6376  2.1113  0.000239
epoch:58 0.4286  0.6727  0.4598  0.0687  0.2237  0.5193  0.4151  0.5495  0.5541  0.1107  0.3974  0.6367  2.0811  0.000215
epoch:59 0.4286  0.6748  0.4602  0.0681  0.2338  0.5176  0.4145  0.5523  0.5571  0.1231  0.4118  0.6379  2.0495  0.000194
