epoch:60 0.4089  0.6555  0.4444  0.0672  0.2292  0.4947  0.4028  0.5358  0.5406  0.1195  0.4015  0.6216  2.1752  0.0005
epoch:61 0.4116  0.6581  0.4479  0.0538  0.22  0.4988  0.4033  0.5351  0.5398  0.1101  0.3887  0.6213  2.1682  0.000475
epoch:62 0.4179  0.6636  0.453  0.0584  0.2253  0.5074  0.4093  0.5452  0.5504  0.1126  0.4168  0.6306  2.1671  0.000451
epoch:63 0.4067  0.6546  0.4383  0.0633  0.2188  0.4948  0.4039  0.5343  0.5398  0.1162  0.3793  0.6225  2.1364  0.000429
epoch:64 0.4144  0.6627  0.4469  0.0846  0.2231  0.5013  0.4076  0.5428  0.5485  0.1409  0.41  0.6256  2.1113  0.000407
epoch:65 0.4106  0.6563  0.4355  0.0689  0.2228  0.4992  0.4033  0.5376  0.5416  0.1131  0.3868  0.6247  2.1035  0.000387
epoch:66 0.4163  0.6615  0.4518  0.0522  0.2234  0.5031  0.408  0.5368  0.5409  0.1106  0.3831  0.6231  2.0573  0.000368
epoch:67 0.4211  0.6639  0.4549  0.0649  0.2267  0.5119  0.4117  0.545  0.5498  0.1304  0.3991  0.6322  2.0454  0.000349
epoch:68 0.4187  0.6649  0.451  0.0629  0.2233  0.5084  0.4117  0.5431  0.5474  0.1127  0.3997  0.6301  2.0301  0.000332
epoch:69 0.4189  0.6634  0.4514  0.0738  0.2318  0.5077  0.4076  0.5397  0.5436  0.1258  0.383  0.6298  2.0052  0.000315
epoch:70 0.4212  0.6652  0.4506  0.0459  0.2315  0.5128  0.4148  0.5458  0.5503  0.1116  0.4049  0.6326  1.9884  0.000299
epoch:71 0.4219  0.6638  0.4598  0.066  0.2267  0.5134  0.4118  0.5451  0.55  0.1332  0.3993  0.6356  1.9865  0.000284
epoch:72 0.4233  0.6636  0.4579  0.0557  0.2237  0.5145  0.4148  0.5493  0.5537  0.1253  0.3986  0.638  1.954  0.00027
epoch:73 0.4223  0.6663  0.4502  0.0629  0.2204  0.5132  0.413  0.5427  0.5471  0.1236  0.3824  0.6322  1.9291  0.000257
epoch:74 0.4229  0.6689  0.4554  0.0709  0.2277  0.5128  0.4142  0.5467  0.5507  0.1405  0.3983  0.6347  1.9274  0.000244
epoch:75 0.427  0.67  0.4617  0.0721  0.2358  0.5172  0.4179  0.548  0.5528  0.1376  0.4068  0.6352  1.8885  0.000232
epoch:76 0.4274  0.6703  0.4622  0.0645  0.2292  0.5183  0.4167  0.5475  0.5525  0.1324  0.3991  0.6356  1.906  0.00022
epoch:77 0.4251  0.6652  0.4614  0.0633  0.2305  0.5158  0.4151  0.5438  0.5478  0.125  0.3974  0.6329  1.8718  0.000209
epoch:78 0.4254  0.6653  0.4613  0.0686  0.2297  0.5168  0.4167  0.5445  0.5488  0.1236  0.4052  0.6311  1.8567  0.000199
epoch:79 0.4248  0.6667  0.4536  0.0733  0.2244  0.5151  0.4165  0.5475  0.5521  0.1336  0.3967  0.6358  1.8725  0.000189
epoch:80 0.4229  0.6624  0.4534  0.068  0.2189  0.5149  0.414  0.5415  0.5456  0.1287  0.3827  0.6298  1.8367  0.000179
epoch:81 0.4269  0.6667  0.4648  0.0789  0.2306  0.5189  0.4168  0.5488  0.553  0.1397  0.4028  0.637  1.8437  0.00017
epoch:82 0.4236  0.6656  0.4548  0.0683  0.2273  0.5143  0.4111  0.5449  0.5497  0.1386  0.3889  0.6326  1.8259  0.000162
epoch:83 0.4252  0.6639  0.4602  0.0579  0.2264  0.5188  0.4146  0.5448  0.5489  0.1289  0.3901  0.636  1.8304  0.000154
epoch:84 0.4288  0.6666  0.4662  0.0611  0.2368  0.5201  0.4168  0.5491  0.553  0.1276  0.4014  0.6392  1.8119  0.000146
epoch:85 0.4286  0.6691  0.4593  0.0733  0.2322  0.5196  0.4196  0.5519  0.5553  0.1329  0.4054  0.6402  1.8129  0.000139
epoch:86 0.4279  0.6666  0.4623  0.0721  0.2312  0.5191  0.416  0.5472  0.5515  0.1342  0.4003  0.6359  1.7727  0.000132
epoch:87 0.4273  0.6685  0.4653  0.0646  0.2294  0.5186  0.4164  0.5482  0.5527  0.129  0.4028  0.6364  1.7785  0.000125
epoch:88 0.4235  0.6641  0.4586  0.0691  0.232  0.5128  0.4135  0.5415  0.5464  0.1384  0.3918  0.6283  1.7823  0.000119
epoch:89 0.4284  0.6646  0.469  0.0651  0.2372  0.5191  0.4158  0.5494  0.553  0.1227  0.4  0.6375  1.7554  0.000113
epoch:90 0.4292  0.6699  0.4654  0.0577  0.2375  0.5191  0.4183  0.5501  0.5542  0.1128  0.3999  0.6391  1.752  0.000107
epoch:91 0.4268  0.6665  0.4642  0.0638  0.2293  0.5186  0.4155  0.5468  0.5501  0.1199  0.3909  0.6369  1.7499  0.000102
epoch:92 0.4276  0.6668  0.4672  0.058  0.2333  0.5182  0.4161  0.5443  0.5479  0.1092  0.3923  0.6332  1.7306  9.7e-05
epoch:93 0.4287  0.6697  0.4618  0.0636  0.2288  0.5204  0.413  0.5461  0.5498  0.1269  0.3925  0.6348  1.7423  9.2e-05
epoch:94 0.4267  0.665  0.4621  0.0702  0.2316  0.5171  0.4162  0.547  0.5513  0.1227  0.3977  0.637  1.7357  8.7e-05
epoch:95 0.4298  0.6697  0.4689  0.0741  0.2371  0.5195  0.4167  0.5464  0.5505  0.1325  0.4007  0.6344  1.7175  8.3e-05
epoch:96 0.4255  0.6634  0.4602  0.063  0.2335  0.5159  0.4159  0.5437  0.5481  0.1237  0.3964  0.6335  1.7186  7.9e-05
epoch:97 0.4302  0.6681  0.47  0.0718  0.2357  0.5214  0.4166  0.5487  0.5527  0.1296  0.4057  0.6385  1.7142  7.5e-05
epoch:98 0.4295  0.6692  0.4639  0.061  0.2367  0.5188  0.4179  0.5492  0.5533  0.1141  0.4115  0.6368  1.7017  7.1e-05
epoch:99 0.4301  0.6691  0.461  0.063  0.2392  0.5212  0.4188  0.5498  0.5536  0.1224  0.4037  0.6399  1.7094  6.8e-05
