epoch:30 0.4085  0.6489  0.442  0.0569  0.2177  0.4944  0.4087  0.5438  0.5496  0.1274  0.3848  0.6337  2.4422  0.0005
epoch:31 0.4097  0.6594  0.4409  0.068  0.2266  0.4927  0.398  0.5331  0.5386  0.1236  0.3961  0.6168  2.4602  0.0005
epoch:32 0.4089  0.6622  0.4382  0.0691  0.2338  0.4919  0.4025  0.543  0.5494  0.1379  0.4157  0.6228  2.4223  0.0005
epoch:33 0.412  0.6631  0.4423  0.0504  0.2209  0.4979  0.4065  0.5434  0.5489  0.1157  0.3972  0.6289  2.4133  0.0005
epoch:34 0.4001  0.649  0.4247  0.0726  0.2162  0.4841  0.3994  0.5309  0.5365  0.1241  0.3949  0.6136  2.4154  0.0005
epoch:35 0.4234  0.6707  0.456  0.0593  0.2378  0.5099  0.4141  0.5545  0.5597  0.1143  0.4262  0.6382  2.2892  0.00015
epoch:36 0.427  0.6749  0.4616  0.0739  0.2393  0.5133  0.4133  0.5534  0.5591  0.1285  0.4124  0.6385  2.2389  0.00015
epoch:37 0.4277  0.6771  0.4577  0.0683  0.237  0.5158  0.4147  0.5559  0.5607  0.1288  0.4279  0.64  2.2113  0.00015
epoch:38 0.4308  0.6759  0.4676  0.0724  0.2374  0.5201  0.4153  0.5564  0.5622  0.1318  0.421  0.642  2.2008  0.00015
epoch:39 0.4327  0.6788  0.4697  0.0694  0.2465  0.5217  0.4194  0.5589  0.5649  0.1297  0.4243  0.6454  2.202  0.00015
epoch:40 0.4352  0.6802  0.4704  0.0679  0.2424  0.5246  0.4212  0.5607  0.5659  0.1308  0.4222  0.6468  2.1606  4.5e-05
epoch:41 0.436  0.6828  0.47  0.0701  0.2411  0.5255  0.4196  0.5604  0.5661  0.1313  0.4173  0.6462  2.1593  4.5e-05
epoch:42 0.4347  0.6819  0.4717  0.064  0.2444  0.5237  0.4194  0.5599  0.5644  0.1246  0.4163  0.6455  2.1271  4.5e-05
epoch:43 0.4347  0.6833  0.4702  0.0642  0.244  0.5233  0.4208  0.5571  0.5619  0.1244  0.4169  0.6429  2.1381  4.5e-05
epoch:44 0.4347  0.6834  0.4742  0.0651  0.245  0.5234  0.4207  0.5598  0.5651  0.1248  0.4255  0.6456  2.1225  4.5e-05
epoch:45 0.4366  0.6837  0.477  0.0646  0.2447  0.5252  0.4211  0.5609  0.5659  0.1216  0.4293  0.6466  2.1217  1.3e-05
epoch:46 0.4354  0.6831  0.4739  0.0646  0.2457  0.5245  0.4205  0.5608  0.5661  0.1222  0.4205  0.6472  2.1049  1.3e-05
epoch:47 0.4363  0.6823  0.4746  0.0668  0.2444  0.5267  0.4199  0.5589  0.5642  0.1238  0.4192  0.6465  2.1035  1.3e-05
epoch:48 0.4372  0.6841  0.4763  0.0644  0.2454  0.5263  0.4218  0.5603  0.5652  0.1223  0.4211  0.6461  2.1075  1.3e-05
epoch:49 0.4361  0.6818  0.4738  0.0681  0.2467  0.5255  0.4215  0.5598  0.5643  0.1252  0.4166  0.6462  2.109  1.3e-05
