epoch:15 0.3946  0.6414  0.4227  0.0537  0.2205  0.4794  0.3954  0.5318  0.5389  0.1242  0.3898  0.6196  2.7733  0.0005
epoch:16 0.3933  0.6404  0.4238  0.0544  0.2077  0.4807  0.3967  0.5313  0.5378  0.1146  0.374  0.6208  2.7321  0.0005
epoch:17 0.3962  0.643  0.4337  0.0618  0.2091  0.4818  0.3959  0.5305  0.5359  0.1206  0.3879  0.6156  2.6792  0.0005
epoch:18 0.4048  0.6543  0.4333  0.0486  0.2125  0.4899  0.4006  0.5381  0.5443  0.1295  0.392  0.6224  2.6332  0.0005
epoch:19 0.4105  0.6552  0.4434  0.072  0.2384  0.4922  0.4067  0.5423  0.5487  0.1315  0.4118  0.6225  2.6053  0.0005
epoch:20 0.4246  0.6659  0.4581  0.0707  0.233  0.5126  0.4129  0.5521  0.5583  0.1377  0.4134  0.6386  2.4787  0.00015
epoch:21 0.4255  0.6674  0.4584  0.077  0.2343  0.5125  0.4119  0.5528  0.5586  0.1386  0.4145  0.6375  2.4199  0.00015
epoch:22 0.4277  0.6707  0.4614  0.0783  0.2386  0.514  0.4131  0.5557  0.5624  0.1385  0.4203  0.6413  2.4037  0.00015
epoch:23 0.4273  0.6714  0.4601  0.07  0.2356  0.5146  0.4129  0.5538  0.5603  0.1359  0.4183  0.6388  2.3885  0.00015
epoch:24 0.4251  0.6708  0.4559  0.0699  0.2349  0.511  0.4123  0.5531  0.5605  0.128  0.4202  0.6394  2.3661  0.00015
epoch:25 0.4315  0.6749  0.4663  0.0694  0.2353  0.5191  0.4163  0.5573  0.5641  0.1268  0.4202  0.6435  2.3437  4.5e-05
epoch:26 0.43  0.6725  0.4676  0.0721  0.2387  0.5179  0.4159  0.5548  0.5607  0.1273  0.4143  0.6427  2.3443  4.5e-05
epoch:27 0.4319  0.6769  0.4694  0.0679  0.2422  0.5195  0.4176  0.5582  0.5641  0.1262  0.4247  0.6449  2.3204  4.5e-05
epoch:28 0.4296  0.6769  0.4601  0.0738  0.2377  0.5177  0.4149  0.5554  0.5618  0.1298  0.4268  0.6425  2.3276  4.5e-05
epoch:29 0.4312  0.6762  0.4652  0.0757  0.2375  0.5192  0.4163  0.5571  0.5638  0.1316  0.4263  0.6437  2.3099  4.5e-05
