epoch:0 0.2787  0.4535  0.3035  0.0152  0.1173  0.3408  0.3369  0.4417  0.4462  0.0508  0.2415  0.5249  4.7946  0.0005
epoch:1 0.3304  0.5538  0.3441  0.02  0.1475  0.4037  0.3627  0.4832  0.4886  0.0686  0.2837  0.5726  3.5214  0.0005
epoch:2 0.3528  0.587  0.3798  0.0225  0.188  0.4294  0.3692  0.4986  0.5038  0.0737  0.3497  0.585  3.2514  0.0005
epoch:3 0.3864  0.6201  0.4174  0.032  0.201  0.4692  0.3912  0.5263  0.5323  0.0836  0.3591  0.6173  2.9903  0.00015
epoch:4 0.3922  0.6294  0.4246  0.031  0.2049  0.4748  0.3947  0.5302  0.5364  0.0761  0.3711  0.6182  2.9342  0.00015
epoch:5 0.3931  0.6376  0.4202  0.0342  0.209  0.4765  0.3938  0.5313  0.538  0.0744  0.3847  0.6199  2.865  0.00015
epoch:6 0.4034  0.6443  0.4317  0.0352  0.2174  0.4882  0.4026  0.5392  0.5454  0.0812  0.3865  0.6275  2.7936  4.5e-05
epoch:7 0.4048  0.6459  0.436  0.0331  0.2184  0.489  0.4036  0.5411  0.5467  0.0831  0.3904  0.6284  2.78  4.5e-05
epoch:8 0.4062  0.6446  0.4331  0.0378  0.2218  0.491  0.4042  0.5428  0.5487  0.0907  0.3917  0.6299  2.7352  4.5e-05
epoch:9 0.4077  0.6485  0.4378  0.0464  0.2271  0.4922  0.4034  0.5412  0.5468  0.096  0.4  0.6259  2.7357  1.3e-05
epoch:10 0.4093  0.65  0.4452  0.0521  0.2263  0.4942  0.4059  0.5454  0.5511  0.1157  0.3999  0.6337  2.7194  1.3e-05
epoch:11 0.4091  0.6497  0.4481  0.062  0.2289  0.4935  0.4071  0.5454  0.5516  0.1229  0.3999  0.6322  2.7292  1.3e-05
epoch:12 0.409  0.6487  0.4415  0.0402  0.2267  0.4938  0.4068  0.5444  0.5503  0.0894  0.4009  0.6311  2.724  4e-06
epoch:13 0.4114  0.6502  0.4487  0.0545  0.2288  0.4967  0.4075  0.5461  0.5517  0.1179  0.3991  0.6332  2.7165  4e-06
epoch:14 0.4111  0.651  0.4445  0.054  0.2281  0.4963  0.4052  0.545  0.5498  0.1186  0.4003  0.63  2.711  4e-06
